Mixture	B cells naive	B cells memory	Plasma cells	T cells CD8	T cells CD4 naive	T cells CD4 memory resting	T cells CD4 memory activated	T cells follicular helper	T cells regulatory (Tregs)	T cells gamma delta	NK cells resting	NK cells activated	Monocytes	Macrophages M0	Macrophages M1	Macrophages M2	Dendritic cells resting	Dendritic cells activated	Mast cells resting	Mast cells activated	Eosinophils	Neutrophils	P-value	Correlation	RMSE
TCGA-3B-A9HI	0.0221071112749203	0	0.00212872374662563	0.117425893104044	0	0.0446925613770853	0.0548285301249822	0.028271117414789	0.0753784862119289	0	0.01077517493732	0.00930230065331656	0	0.219449425075162	0.089403080675119	0.254430727615941	0	0	0.068310901061737	0	0	0.0034959667270283	0.002	0.51716238906175	0.858163155860975
TCGA-3B-A9HJ	0.136355292434903	0.0507876317153556	0.215047187911787	0.0837233945816215	0	0.0467187023081269	0.00518293212987791	0.0796468009431223	0.122972347902697	0	0	0.0175987942742698	0	0.0592931420963665	0.0206748129170909	0.088240267066248	0	0	0.06109705448163	0	0	0.0126616392369032	0.002	0.490921620643267	0.870590499591114
TCGA-3B-A9HL	0.00243965513920274	0	0.00556372464103955	0.0466689565158876	0	0.214251043836634	0.000852709176386466	0.00629457993650785	0	0	0	0.0620835065902333	0.0905946086205389	0	0.0465539835575529	0.505051821678235	0	0.00127410210838166	0	0	0.012945030674805	0.00542627752459514	0.011	0.261950990180849	0.986870782126963
TCGA-3B-A9HO	0.0224859605904625	0	0.0191087474921878	0.19044212574496	0	0.0855866399924949	0.00416440649557758	0.0850757743461295	0.0646499266165689	0.0177450896343342	0	0.0470484743785254	0.0303830560172866	0	0.111720897635335	0.308906471963965	0	0	0.00527346515840491	0	0	0.00740896393376739	0.00800000000000001	0.280362986684994	0.976601588695275
TCGA-3B-A9HP	0.0171225682077247	0	0.0166546971762357	0.0731085776980811	0	0.182727289386105	0	0.0186615183749283	0.0680727219320789	0	0.0239744312770656	0.02541680497662	0.029432620794054	0.0451331102028736	0.103260948108102	0.300980701960495	0.0119795033018671	0	0.0834745066037687	0	0	0	0.034	0.183571238121628	1.01057389094093
TCGA-3B-A9HQ	0.0177278833032893	0	0.0140814511620126	0.083619347044943	0	0.271916346823316	0	0	0.0825331146493684	0	0	0.0183576572294221	0.0378991539211354	0	0.059304931642372	0.182806386566436	0.0226210176456243	0	0.209132710012081	0	0	0	0.03	0.188413674192213	1.00910680254761
TCGA-3B-A9HR	0	0.0622435494362167	0.0254678419954041	0.0433823317387742	0	0.404750381540408	0	0.00376490779703387	0	0	0.0692449067330414	0	0.0605607823988511	0.0165410766633724	0.00267234701459815	0.0595602396261824	0.0117590784999202	0	0.238255219471589	0	0.00179733708460832	0	0.097	0.116207070314827	1.0473308966316
TCGA-3B-A9HS	0.0467749752376665	0	0.0131794713034598	0.218148578534362	0	0.190529771113518	0	0.0646602671984709	0.11226035638398	0	0	0	0.0256225577657618	0.00385991006741297	0.104764509074328	0.190165499082449	0.00478860077445527	0	0	0.0225839132803048	0	0.0026615901838308	0.012	0.261105855669545	0.991535652822579
TCGA-3B-A9HT	0.0428950137766089	0	0.0807977812181751	0.221136698359163	0	0.0560398381237775	0.0567860870213018	0.0764698064542464	0.0329417997741144	0	0	0.00774596655015581	0.0243772049348972	0.0656206767349032	0.0764488821847529	0.21926908874673	0.0148154515024975	0	0.0246557046186764	0	0	0	0.019	0.218817540478338	0.995217868223899
TCGA-3B-A9HU	0.0356699243867108	0	0.0227706814111108	0.231152200163813	0	0.193662921783315	0	0.0208583794362259	0.104220241116945	0	0	0.00407933004596763	0.0452716566017724	0.0616347580193463	0.119598700665351	0.151628630898458	0	0	0.00945257547098503	0	0	0	0.086	0.122618346493266	1.05521693188622
TCGA-3B-A9HV	0.0218024975388083	0	0.0347781074268965	0.0341775816584429	0	0.275825138417247	0	0	0.0124264296578301	0	0.0431445716146381	0	0.0168774805792667	0.102563211238077	0	0.18145667425776	0	0.0474291991828219	0.219008277317603	0.0105108311106088	0	0	0.524	0.00898967631852769	1.07568686944695
TCGA-3B-A9HX	0.022230538407447	0	0.00363690391121649	0.025294505943369	0	0.19578333002317	0.0148917585796933	0.0184597110877176	0.0353737113909106	0	0.0449103262583704	0	0.0223395804348023	0.176538105632357	0.0205313719462131	0.119247767672268	0	0.113944093728023	0	0.139423173847166	0.00200807493791649	0.0453870461993596	0.011	0.263202959563836	0.979695973534026
TCGA-3B-A9HY	0	0	0.000250310385185475	0.0699204765387292	0	0.174317705564054	0.0397989807364244	0.0226163715202444	0.0303310544359472	0.0122419535976758	0	0.0226613711541204	0	0.110958151782172	0.134195077403093	0.252147497876374	0	0	0.13056104900598	0	0	0	0.005	0.329395344592215	0.949665634805169
TCGA-3B-A9HZ	0.0222276367603157	0	0.00688261025709612	0.142608986148607	0	0.193222825791898	0.0113655823130401	0.0339909903115521	0.0348925364077382	0.0110245514438269	0	0.0115372392944889	0.0334350355967021	0.00513279414040515	0.0664113724780687	0.280357813692849	0.0244450488249925	0	0.115852003335709	0	0	0.0066129732027103	0.034	0.183504038154226	1.00912233114511
TCGA-3B-A9I0	0.000880131568872286	0	0.00162469420201368	0.133171340094139	0	0.162199932507729	0	0.0327775762983807	0.0877708010441389	0	0	0.0348918110746154	0.0333214315236498	0.00905425309736016	0.0894575549879941	0.299731137563024	0.00181408265682443	0	0.113305253381258	0	0	0	0.003	0.423881826674612	0.904928963412528
TCGA-3B-A9I1	0.00314638708374125	0	0.00371484321043653	0.0469118088442583	0	0.226250173978357	0	0.018508026037634	0.066623634917342	0	0	0.0613537527419712	0.023773776565276	0.116388748169172	0.0431471902974091	0.287933850299171	0.00313390880890903	0	0.0971576728680512	0	0.0019562261782715	0	0.01	0.275012330295468	0.973292351823748
TCGA-3B-A9I3	0.0989062808876396	0	0.116406528023332	0.17401916409319	0	0.256145906897585	0	0.0261286620266888	0.0801675080337834	0	0.0452791316261384	0	0.0311400237557794	0	0.0124015459712946	0.0460664528391745	0	0.00855565123442813	0	0.0772904851471857	0.00201954769671196	0.0254731117670685	0.01	0.270114444528629	0.987507415356818
TCGA-3R-A8YX	0	0	0.00717901011169656	0.109417803922812	0	0.181036842924511	0.0150722178440931	0.0137952975728423	0.0444215253133455	0	0.0147792165846561	0	0.00474421656505766	0	0.0764854837221981	0.520451180443919	0	0	0.0124123436717257	0	0	0.000204861323142217	0.036	0.182606371654147	1.02533917296889
TCGA-DX-A1KU	0.0100547318064951	0	0	0.138109824393756	0	0.138335481514935	0.0387860696430412	0	0.0203897235480762	0	0.0301356854491269	0	0.0362745320376164	0	0.15467960952932	0.405215879027349	0	0	0.0274877638017277	0	0	0.000530699248556899	0.00700000000000001	0.297510001357107	0.969363956468485
TCGA-DX-A1KW	0.00449203904441608	0	0	0.0430319309713183	0	0.164559930760636	0	0.0054753560490266	0.0389839678294767	0	0.0237552177939729	0.0253553146214939	0.0992035649265256	0	0.034241297572146	0.488818799950074	0.00196877017869125	0	0.0628725379829904	0	0.00164365422607957	0.00559761809315204	0.0669999999999999	0.145187187352145	1.03509785568057
TCGA-DX-A1KX	0.0426996149313014	0	0.0371329586589982	0.0738661201666441	0	0.0757705861118153	0.000985307085825971	0	0.0438676428637638	0	0	0.0156176324636199	0.027966383987076	0.0941993728422247	0.111192800879543	0.425807242778859	0	0	0.0501506758635253	0	0	0.000743661366803859	0.041	0.166200199157936	1.02749490187151
TCGA-DX-A1KY	0.0131658054669101	0	0	0	0	0.382592247130257	0	0.0111510505160844	0.13110916458497	0	0.128407577654849	0	0.0348095696694786	0	0	0.236166183616971	0	0.0230345298304546	0.0348567372979554	0	0	0.00470713423207085	0.471	0.0165491936837209	1.10220091498783
TCGA-DX-A1KZ	0.0170418137717828	0	0.0012014428748948	0.115372046309095	0	0.105061077598751	0.0166372930929732	0	0.0150442553172915	0	0	0	0.109636291298153	0	0.00579347988362328	0.529646930372447	0	0	0.0845653694809893	0	0	0	0.005	0.337613282512652	0.949359487302038
TCGA-DX-A1L0	0.067329093373308	0	0.0041369378710191	0.0126717255988909	0	0.175416881857734	0	0.0228442967782877	0.0529085129207258	0	0	0.0917438499672989	0.0297607411753751	0	0.173326535808491	0.308825811472349	0	0	0.0610356131765198	0	0	0	0.037	0.176240274860542	1.02494541556392
TCGA-DX-A1L1	0.0523419609988704	0	0.0344973196137053	0.172450021021992	0	0.066274716260362	0.0399005599379234	0.0289981611568869	0.0473090982753385	0	0	0	0.0651290184195784	0	0.128141030220304	0.309120043218483	0	0.00187096460635479	0.0539671062702005	0	0	0	0.037	0.17469725986857	1.01454672985674
TCGA-DX-A1L2	0.0319681912240965	0	0	0.040445539663087	0	0.140357974576724	0	0.007969662147871	0.0111603947113961	0	0	0.045678822186795	0.0128107764833361	0	0.0911255414290092	0.489919850507179	0.0103767015877304	0	0.117861560576004	0	0	0.000324984906771136	0.021	0.215461265688957	1.00379170618984
TCGA-DX-A1L3	0.000489253268420317	0	0.00702543676057491	0.0806131540306851	0	0.111653945755232	0	0.0115115561657673	0.0840191047162017	0	0	0.0191439148233215	0.0227077278809415	0	0.102486163818498	0.371180870034197	0.0186887861273236	0	0.163147904231822	0	0	0.0073321823870147	0.004	0.378972084518448	0.925852127594658
TCGA-DX-A1L4	0.00481001607514607	0.00112543048867737	0.00916842625690587	0.0182240887601199	0	0.158130892922688	0	0	0.0181878620918654	0	0.01596296329829	0.0234293946217834	0.155533930312872	0.204297916942287	0.00241597944408247	0.299147952570911	0.00957601286746771	0.007259220665577	0.0212591163285742	0	0	0.0514707963527516	0.018	0.22211609322063	1.00688065141406
TCGA-DX-A23R	0.0994190120974046	0	0.0142622259150222	0.0253220275876857	0	0.236212050618103	0.0134867377325358	0.0550626122884107	0.0402961117334168	0	0.00667864908321417	0.00997897452598135	0.05458440359976	0.0107413164115988	0.107929588922416	0.240722495952427	0	0	0.0853037935320237	0	0	0	0.145	0.0910992380848699	1.04517587653715
TCGA-DX-A23T	0.0202773744744013	0	0.0691347082204068	0.123017167071164	0	0.189816988448689	0.0129095475057528	0.0193829216297144	0.0724981301421204	0	0	0	0.0863839161336304	0	0.0341751792932455	0.321282449431618	0.0122005888123397	0	0	0.025426676251758	0	0.0134943525851595	0.0659999999999999	0.14676754739358	1.02553777044133
TCGA-DX-A23U	0	0.00334377100852992	0	0	0	0.126141230344805	0.031513494247897	0	0.00351996165721528	0	0	0.0121257134798872	0	0.384978024510205	0.0708509503096372	0.339880712799744	0	0	0.0276461416420799	0	0	0	0	0.660156893602474	0.756716270479439
TCGA-DX-A23V	0.0276257695419539	0	0.00120950925555741	0.0296471321332508	0	0.141457344613836	0.0186834519142056	0	0.0426012104629865	0	0.0100821356368317	0	0.0818487211041338	0	0.0697477762241206	0.531852494652568	0.010474300636108	0	0.0254898231411044	0	0.00407048980582598	0.0052098408775169	0.003	0.459859995908847	0.887442071446375
TCGA-DX-A23Y	0.0170824962360421	0	0.0223132666015107	0.250247139812998	0	0.0881888221034997	0.041912863341945	0.0426145284468082	0.0659926681936035	0.0259940351614829	0	0	0.0052686822982932	0	0.114032215558855	0.32419225549698	0	0	0.0021610267479824	0	0	0	0.027	0.198857745103479	1.01621916839081
TCGA-DX-A23Z	0.0121868373899115	0	0.0108828946701503	0.092492470731905	0	0.131265847128246	0	0.00707472945797483	0.07189097727054	0	0	0.0246585902598496	0.0688606489103364	0	0.0966796975794914	0.3667329098124	0	0	0.117274396789195	0	0	0	0.262	0.0520535510616821	1.06413926513281
TCGA-DX-A240	0.0090905059464433	0	0.00214681793805595	0	0	0.08735010182895	0	0.00933266516279282	0.0470007961025119	0	0	0.0617616314311888	0	0.469263498495265	0.00145831466078516	0.268141076883505	0	0	0.0444545915505015	0	0	0	0.033	0.184399264846448	1.0627066748096
TCGA-DX-A2IZ	0.0111999034293029	0	0	0.0451503614968719	0	0.149474987703512	0	0.0789556144944554	0.0131491631799241	0	0.00471965670903291	0.0764728184795936	0.074948400609526	0.314238608167993	0.064307875510444	0.14699825918308	0	0.00981739815898101	0.0105669528772831	0	0	0	0.219	0.0642979359595747	1.08028527990907
TCGA-DX-A2J0	0.197137184878792	0	0.199118315454581	0.0932832607225949	0	0.11473796337308	0.0509035603922093	0	0.0637910618576135	0	0	0.00876477607454472	0.0183416516239841	0.00651490706855473	0.0286956944993518	0.0931339687004555	0	0	0.119682439157861	0	0	0.00589521619637784	0.002	0.482263079031017	0.875354583270631
TCGA-DX-A2J1	0.0185129588369836	0	0.0100180691261461	0.0664131627982859	0	0.132336329857804	0	0	0.0591352417701488	0	0	0.0426163741615877	0.0743254253708188	0	0.0171403999972887	0.463702318232255	0.00850675857878419	0.00204695457094917	0.100534496579444	0	0	0.00471151011950327	0.014	0.246775440901546	0.986574133836991
TCGA-DX-A2J4	0.0178079715749551	0.00290509477349904	0.0514401579982368	0.048260664729213	0	0.118791690818119	0	0.0380103979546082	0.0252140153123512	0	0	0.0337603760745221	0	0	0.0368478161280932	0.159203705789825	0.00825090391461227	0	0.455829257404646	0	0	0.00367794752731936	0.013	0.255895217318469	0.996322659440074
TCGA-DX-A3LS	0.0406964013763555	0	0.00300488567548511	0.101673413665467	0	0.253079814135188	0.03543087322665	0.0218162806019244	0.0309997829132177	0	0.0239758202526894	0	0.0290720726747822	0.0149874083241652	0.0668809805155828	0.368437022905705	0	0	0.00994524373278725	0	0	0	0.003	0.4205930830167	0.906776783922742
TCGA-DX-A3LT	0.00889285307935192	0	0	0.0935593953073926	0	0.0992777216507945	0.00441452048935287	0.0289781274806819	0.0532321281292098	0.00287401953936183	0	0	0	0.130033458515712	0.0510515297769123	0.330676840052357	0	0	0.197009405978874	0	0	0	0	0.540039291441862	0.847749512756987
TCGA-DX-A3LU	0.0335519372268125	0	0.0948306461854044	0.151517284829652	0	0.00674777037262267	0	0.0371027145027818	0.0918692648252782	0.0305224631018341	0	0.0880032776350454	0.0343158595577966	0.0295117089315219	0.130969724440052	0.239923122678313	0	0	0.0311342257128858	0	0	0	0.018	0.222010624739013	1.00083058931919
TCGA-DX-A3LW	0.131243902597565	0	0.0601255489175685	0	0	0.0876984226457841	0	0.00472940080875444	0.0196554673458469	0	0	0.0473299046614321	0.0347885492694857	0	0.0881193729390294	0.385917425703376	0	0	0.140392005111158	0	0	0	0.00700000000000001	0.296278967837659	0.962912655059386
TCGA-DX-A3LY	0.00813306379438923	0	0	0.0203316460107425	0	0.132140453428523	0.00962543559513166	0	0.0269149631866689	0	0.0151712494778465	0.00248481805224832	0.00867086904503672	0	0.00645156696558728	0.696329950925658	0	0.00498908386993514	0.0476324588460641	0	0	0.0211244408021687	0.002	0.511704235548838	0.859161594552739
TCGA-DX-A3M1	0.00568278939643233	0.00819050339241718	0.000646016723283727	0.00782717602624788	0	0.066422831115522	0	0.0093880471600248	0.0642398023166037	0.00191201124209019	0	0.0168175590508182	0	0.376603540918279	0.0598052615435601	0.366273346735522	0	0.00127048041695172	0.0129464630646608	0	0	0.0019741708975871	0.001	0.527011880512697	0.850855298713535
TCGA-DX-A3M2	0	0.0157181510089188	0	0.125470536839774	0	0	0	0.0407505106978479	0.0143828670558927	0.0320973494447979	0	0.0614597876705249	0.0132905814876088	0	0.0450194548224834	0.520367467326837	0.0110624056265881	0.00467445431126091	0.103202715888696	0	0	0.012503717818769	0.073	0.133138147865621	1.04316197212562
TCGA-DX-A3U5	0.0207397343464486	0	0.000614632343536819	0.0224914666926794	0	0.114700637150526	0	0	0.0203615190630457	0	0.0262394423983905	0	0.189028185469623	0	0.0375304283018537	0.535644713483833	0	0	0.0326492407500634	0	0	0	0.004	0.364304450058091	0.93913462712809
TCGA-DX-A3U6	0.034429955770644	0	0.0705739689046615	0.301574525792503	0	0.0702449985285821	0.0634013289388674	0.0395302949133192	0.0623117540289943	0	0	0	0.0213043826094942	0	0.100541276928994	0.175097082616013	0.019794640171152	0	0.0317974106701945	0	0	0.00939838012658134	0.033	0.184738494129047	1.01736977162469
TCGA-DX-A3U7	0.0558590182024628	0	0.0225931619737946	0.0426870984797854	0	0.287299322726715	0	0.0121117340304615	0.0433627566464766	0	0.0358119294564005	0.0563366019246009	0.0363718554217836	0.0973775493939886	0.0688845188804649	0.21365721774821	0.00779115430752177	0	0.0198560808073344	0	0	0	0.012	0.257471595931638	0.981258852284651
TCGA-DX-A3U8	0.00996139089132456	0.00230207888769408	0	0.08430611865315	0	0.176013565498211	0	0.000183560500088431	0.0734197664411582	0	0.0296436535522045	0	0.113179880880177	0	0.0680624744766397	0.386166623457493	0.00494957876806288	0	0.0373292261740366	0	0	0.0144820818197599	0.016	0.233069320257088	0.992336058589246
TCGA-DX-A3U9	0	0.00542146731133905	0.00160225313825484	0.0620744411953697	0	0.224426270616964	0	0.0148506711646168	0.012002423003353	0	0.0624917494031353	0.0622405452966793	0.017233747909942	0.167211140690645	0.0330318608103788	0.213174291357124	0	0	0.124239138102198	0	0	0	0.476	0.0159762322465998	1.08435668646768
TCGA-DX-A3UA	0.00482921148020038	0.00445871624342496	0.00577845916952257	0.0349099841436654	0	0.016603103914458	0.0504186465739432	0.0159818155189062	0.0650221756646384	0	0.0466899565217083	0	0	0.475700009376151	0.0438340988925271	0.183053261744643	0.00478709810825871	0	0.0479334626479522	0	0	0	0	0.71675590388212	0.715404392858706
TCGA-DX-A3UB	0.0117956230871135	0	0.0113870740113594	0.0793407057389097	0	0.230855030781115	0	0.000781471819344129	0.106735530865917	0	0.00673117504986473	0.00976954354324728	0.0472870877807321	0	0.0282470303538334	0.360665041038674	0.00267915919608475	0	0.103725526733805	0	0	0	0.258	0.0528157907856396	1.06613322343696
TCGA-DX-A3UC	0.0415299551191137	0	0.027693149401529	0.0891377229271489	0	0.202865221739032	0	0.024329140108543	0.062700601699078	0.00173011948230082	0	0.015167405500074	0.037939228538691	0	0.0343040950599453	0.258216372348064	0.081667916923379	0.00712254960795518	0.115596521545146	0	0	0	0.011	0.263148947176688	0.972786967010581
TCGA-DX-A3UD	0	0	0.0117319503612175	0.0719954277298016	0	0.196048017802139	0.0239322201641229	0.0143566704760658	0.0847231107523269	0.0349874236390298	0	0.00870580704004378	0.00949773089899217	0	0.0946271231517401	0.22255704698912	0.0902994607673522	0	0.136538010228048	0	0	0	0.013	0.256376361476771	0.977872925384897
TCGA-DX-A3UE	0.00911787921129852	0	0	0.0259626605248734	0	0.158250787252701	0	0.0142622711649798	0.0717541631452426	0	0.0439574094403461	0	0.105095022559623	0	0.050773158293306	0.429153604005534	0.0553129517450326	0.00588606588934941	0.0296185643427808	0	0.000855462424933214	0	0.165	0.0823074266276789	1.05745633434068
TCGA-DX-A3UF	0	0	0.00250955064177003	0.119775265385568	0	0.0585367623067612	0	0	0.095595461527783	0	0.00682631258824146	0.027863618394425	0.0155628864727786	0	0.337213262443014	0.185700857705007	0.0187295643767882	0	0.131686458157863	0	0	0	0.003	0.454081762717321	0.90445932139103
TCGA-DX-A48J	0.00952681696755462	0	0.00208758019512714	0.0569295662621149	0	0.2110088885806	0	0.0024766110452629	0.0482669248444425	0.00429184489610704	0	0.0697656086659496	0.0077458432804136	0	0.0638114138433606	0.118191307462916	0.0227374116355266	0	0.383160182320625	0	0	0	0.016	0.233716872458587	1.00271688269491
TCGA-DX-A48K	0	0.00252811820555312	0.000570742008763395	0.0801987119251647	0	0.164424617242506	0	0.0455610933452044	0.0432832651084556	0	0.00172619677670311	0	0.0557109387068681	0	0.0333144330151017	0.469763292728922	0	0	0.102918590936757	0	0	0	0.085	0.123156536835244	1.04236224727999
TCGA-DX-A48L	0.00528985276364015	0	0	0.0748713974487346	0	0.243971425932101	0	0.0144957943214224	0.0733877408339817	0	0.0349788535129197	0	0.0212061503559696	0	0.119771203670979	0.295941669382815	0.0490824921041825	0	0.0670034196732548	0	0	0	0.212	0.0683857760517133	1.0636520455498
TCGA-DX-A48N	0.036011667807436	0	0	0.0180909105412029	0	0.143751987648489	0	0	0.01835776795953	0	0.0175565240741092	0.00499793567951575	0.12802922463881	0	0.05733990608375	0.493988064824028	0	0.0275223551777257	0.0543536555654029	0	0	0	0.113	0.104809284956081	1.05425847633342
TCGA-DX-A48O	0.0137449351019694	0	0.00728504116140351	0.162045182983965	0	0.155389053608532	0	0.0368690452010054	0.0518075751379184	0	0	0.00279285646378155	0.00969104458362622	0	0.120816734753052	0.117259864573996	0.0739550177213587	0	0.248343648709393	0	0	0	0.021	0.215329766539517	1.00131525230145
TCGA-DX-A48P	0.0104394694659515	0	0.0147987247684579	0.0936852880386288	0	0.203843123426873	0	0	0.0734086015494822	0	0	0.0216513515067662	0.0217360610582423	0	0.0738997129127291	0.232957736515877	0.0156467184878696	0	0.237933212269123	0	0	0	0.0669999999999999	0.146484697809896	1.02577363260543
TCGA-DX-A48R	0	0.0212486757486704	0.00630108238605257	0.0220900658729965	0	0.295325942564083	0	0.00913372325546215	0	0	0	0.0491166903836199	0.0809979201027945	0	0.0830393711962747	0.382699520075092	0	0.0241295153774804	0.0259174930374742	0	0	0	0.259	0.0523235251684266	1.07023070640947
TCGA-DX-A48U	0	0	0.0011290803175746	0.053409417100878	0	0.218709221385046	0	0.000322190302504449	0.0225489948351165	0.00499661508797744	0	0.0483139338291646	0.00271023184646791	0	0.0346131763171677	0.357097654120689	0	0.0240342370709602	0.232115247786454	0	0	0	0.243	0.0558893472225073	1.06544947149515
TCGA-DX-A6B7	0	0	0.00225324488413469	0.0989474458580037	0	0.118120390631466	0	0.00359777113251003	0.00649353622266983	0	0.0499126804920463	0	0.017726725276853	0	0.0321487556603852	0.284442796821847	0	0.00566492718482447	0.38069172583526	0	0	0	0.096	0.11682385728636	1.05356757486116
TCGA-DX-A6B8	0.00312423775278117	0	0	0	0	0.205599686451789	0	0.0186092261617285	0	0	0.0412422580858965	0.0437192988440193	0.0131770102379574	0.380742825931208	0.000681885817486053	0.220424243267795	0	0	0.0726793274493401	0	0	0	0.129	0.0972268120369791	1.07979242234634
TCGA-DX-A6B9	0.00534578577880355	0.0177878215625605	0	0.0436044629637359	0	0.250078442542719	0	0	0.0739375666791549	0	0	0.100682943536862	0.0195899704575546	0	0.0262160030281586	0.142772216438379	0.0284331941021681	0	0.291551592909905	0	0	0	0.139	0.0930362546660519	1.05863413658901
TCGA-DX-A6BA	0.00652643385725344	0	0.00293685590352622	0.0414462193970596	0	0.18167988854258	0	0.0155246849540713	0.0388539817659566	0	0	0.00256307480389315	0.330954858408203	0	0.00986206788117028	0.213613956860337	0.00193212557125654	0	0.154105852054693	0	0	0	0.073	0.133268758198372	1.03553523618237
TCGA-DX-A6BB	0.0610245245596671	0	0	0.0298311569430232	0	0.198872871561474	0	0	0.0390888630266374	0	0.0172888777227623	0.0101576652230086	0.0987679531804283	0	0.148664255152399	0.206019585266984	0.0175734833822309	0	0.172710763981385	0	0	0	0.24	0.0579901664411453	1.0607309693622
TCGA-DX-A6BE	0.0304292949613931	0	0.00523498001080329	0.168892556910527	0	0.115163071431346	0.0362877874629849	0.0133848008264314	0.0663519118092395	0	0.0367899959413064	0	0.0274276986400563	0.0205377318476157	0.145348685277596	0.295429119124165	0.00798261973883441	0	0.0307397460177019	0	0	0	0.027	0.199101091591671	1.01142474047771
TCGA-DX-A6BF	0	0.00249973323410474	0	0.0623973150056102	0	0.144392732393538	0	0.0235220143592426	0.0133856633746355	0.0172949407682638	0	0.0600685811162969	0.104245338212934	0	0.0514481273717059	0.511738290699878	0	0	0.00900726346378974	0	0	0	0.0669999999999999	0.146267349372111	1.04182044560972
TCGA-DX-A6BG	0.139644073494221	0	0.0345049235647431	0.153231752047709	0	0.166531569695408	0.02070962184005	0.0240273209236607	0.0668532614500051	0	0	0.00741272226636459	0.0123665201268727	0.131438741615174	0.0762283391742928	0.16066419013002	0	0	0.00638696367147908	0	0	0	0.003	0.43582983637421	0.899198761930683
TCGA-DX-A6BH	0.0291285597307948	0	0.00244833460823888	0.0181417695648213	0	0.242185199768359	0	0.0208991873780358	0.04268975575522	0.00337799930784532	0	0.00825062494970514	0	0.188122542991302	0.0876025733935677	0.283378642019257	0	0	0.0737748105328523	0	0	0	0.01	0.272612791989785	0.977432210996314
TCGA-DX-A6YQ	0	0	0.00223074307548741	0.191982538470891	0	0.137743138906299	0.00778452177914256	0.0147039325391088	0.0420539542710058	0	0.00813511000613274	0.0215407633293606	0.0121176193199293	0.00707836215592933	0.205644060390876	0.266152566241381	0	0.0320671978846017	0.0507654916298549	0	0	0	0.002	0.478923325686895	0.877720105618804
TCGA-DX-A6YR	0	0.0247511887292232	0.000955793541807492	0.0736725504842249	0	0.134877460548553	0	0.00989712767216425	0.033494193993723	0	0	0.0402925947302395	0.0429995880481105	0	0.0716834354867392	0.454116887633736	0.00660000917391751	0	0.106659169957562	0	0	0	0.00600000000000001	0.304114101104846	0.960949196073455
TCGA-DX-A6YS	0.00828042181817716	0	0.00470144542918696	0.0429454959050547	0	0.232177456345445	0	0	0.0951598283867817	0	0	0.00458290882442643	0.0232866726927327	0	0.177417365467991	0.216568488771767	0.0258043258533374	0	0.169075590505101	0	0	0	0.0570000000000001	0.154077726757498	1.03259010101884
TCGA-DX-A6YT	0.00185158856704095	0.00037773504977627	0.000980179095520497	0.0601065921459995	0	0.128377275279398	0	0.0104269062973094	0.0683424775038979	0	0	0.0581037612044667	0.0461164874339352	0	0.0736702706162267	0.451192386796579	0.0146619652494716	0	0.0857923747603777	0	0	0	0.026	0.201004268170861	1.00835263861433
TCGA-DX-A6YU	0	0	0.0107982798096998	0.221723282127218	0	0.0936080703122973	0	0.0368376885095924	0.0627443111319381	0	0	0	0.0125900045523226	0	0.122098064670044	0.410681432787957	0.0137222170956501	0	0.0106208404017662	0	0	0.00457580860151511	0	0.563154346775014	0.830218170316621
TCGA-DX-A6YV	0.00455847799519985	0	0	0.0228025991255044	0	0.199300745093895	0	0.0118289252183492	0.0800904531638701	0	0.00747946295316371	0.0571810823917574	0.0345215179100366	0.370395966935058	0.0120481692774119	0.17023405166886	0	0.00491243933603926	0.0246461089308548	0	0	0	0.1	0.112905871740393	1.0689411727325
TCGA-DX-A6YX	0.00566581735394154	0.000713367266147041	0.00129347673101046	0.0433558545693222	0	0.208044285266518	0.0284602502805519	0	0.0663125735264663	0	0.0449501782438798	0	0.0181184677346249	0.169557916507259	0.00803010305250609	0.359669986414656	0	0.0151896297110401	0	0.0300701690716113	0	0.000567924270465627	0.00700000000000001	0.290888931901362	0.971949875993519
TCGA-DX-A6YZ	0	0	0.000248100811390227	0.0522562570673242	0	0.138784022213814	0	0.0210262914396519	0.0142487907139632	0	0	0.0167128763502864	0.0331096328288365	0	0.0532279048502195	0.398830803358844	0.0165043989071271	0.0263783056687264	0.228672615789816	0	0	0	0.005	0.350202314656263	0.939658681521025
TCGA-DX-A6Z0	0.0489997922603452	0	0.0108038029528145	0.132452701151129	0	0.0739393806312624	0.00963885741586704	0.0400497056326595	0.102089147792929	0	0	0.00265296867353658	0.00135632085440463	0.00486566844308711	0.123623736504041	0.299026840150343	0.0020108400956931	0	0.148490237441889	0	0	0	0.018	0.222419188086682	0.995109595481278
TCGA-DX-A6Z2	0.0145871163294165	0	0.00709679838839352	0.170981148285226	0	0.237953410746855	0	0	0.0838910135698167	0	0	0.0421136256154734	0.0550318783926469	0.0354944268990518	0.0816732382484992	0.141670305249391	0.0190038015212367	0	0.110503236753993	0	0	0	0.00700000000000001	0.299801758858482	0.964248756592834
TCGA-DX-A7EF	0	0.0332774315923632	0.0112126476716923	0.00389259862900264	0	0.130360806758978	0.0135561305489243	0.0244107990941941	0.0300879344398443	0	0.0148385861421323	0.00771383951890273	0	0.373994677979411	0.0589751605230546	0.253454057507334	0.00197700969575786	0	0.0422483198984087	0	0	0	0.004	0.375335899238378	0.937402739668225
TCGA-DX-A7EI	0.0927066821255807	0	0.0863386694988297	0.18926464790432	0	0.205443066568951	0	0.110233918892261	0.0480201015981565	0	0	0.0204564320006349	0.00612825907593809	0.0300815572370562	0.0720352108886934	0.10388284957423	0	0	0.035408604635348	0	0	0	0.018	0.222396867993046	1.00870342481813
TCGA-DX-A7EL	0.0418468571003151	0	0.0222899108242927	0.343139882148315	0	0.0892363982076547	0	0.052748164722784	0.0608954914735424	0	0	0.0132397638096182	0.00492818256423123	0.0088817315074548	0.121719374165377	0.124684232836747	0	0	0.115847560598697	0	0	0.000542450040971488	0.097	0.116172873713562	1.06034657410101
TCGA-DX-A7EM	0.0241888774121333	0	0.0125335828617117	0.160694108882452	0	0.21296392717324	0	0.0248446379880781	0.0384293038609592	0	0	0.0261796643360434	0.0297673697376885	0	0.0757350178074841	0.258492482212455	0.00578940958375064	0	0.130381618144004	0	0	0	0.00600000000000001	0.325108564742732	0.950256100276977
TCGA-DX-A7EN	0	0.00430219594253123	0	0	0	0.101908151191346	0	0	0.0550593944473682	0	0	0.0734083423516697	0.0106293581853343	0	0.0703615015170166	0.340760807381585	0.0199889467612882	0.0559528633261288	0.267628438895732	0	0	0	0.383	0.0293639644121446	1.08028595520696
TCGA-DX-A7EO	0	0.0286147213345745	0.023261101022213	0.152929352926773	0	0.261020633653947	0	0.00380222139978094	0.143490431500638	0	0	0.111476680444942	0.0627442233377128	0.107167536752287	0.000529888746002596	0	0	0	0.10496320888113	0	0	0	0.941	-0.0300626268948079	1.13462084448427
TCGA-DX-A7EQ	0.0558375233915222	0	0	0.0444341894162151	0.00918201673171272	0	0	0	0.0212451312279722	0	0.0502781824830283	0.0244842927875537	0	0.318690469114479	0.0101932112041627	0.429109047580023	0	0	0.036545936063331	0	0	0	0.264	0.0513642853156287	1.11757354844592
TCGA-DX-A7ER	0	0.0745759416208317	0.031123380029345	0.0204632297868578	0	0.193473875004263	0	0	0.149427620067957	0	0.172429958546128	0	0.0782610110032999	0	0.0159042262228524	0.101114115203282	0.0246510708125992	0	0.117979848685866	0	0.0205957230167174	0	0.821	-0.0197384445522565	1.09391390488853
TCGA-DX-A7ES	0.0693537527003061	0	0.318061692040751	0.0823811822590052	0	0.0490663609243315	0.00403572198925599	0.022686955193298	0.0412650703708394	0	0	0.0703062013058766	0.0177878001624569	0	0.0476429414752047	0.210261411584837	0.00448029152196027	0	0.0511250107286266	0	0	0.0115456077432505	0.002	0.479300172990081	0.877609171513225
TCGA-DX-A7ET	0	0	0.0161099353806959	0.245312020230612	0	0	0.0498443602484313	0.0539095621121279	0.0992602638317892	0.0462690048513808	0	0.0136167884453687	0.00256295609655564	0	0.167363605545751	0.266447849228931	8.5956502227509e-05	0	0.0392176975261291	0	0	0	0.004	0.368360655775155	0.936567949254621
TCGA-DX-A7EU	0.0208030516427052	0	0.00419349907332226	0.0613923535497829	0	0.109485753942926	0.00613494887566818	0.00563763965275771	0.0355481380117999	0	0.00427360242916946	0	0.0761403391963092	0	0.0879104749163353	0.537046788930356	0	0	0.0514334097788674	0	0	0	0.004	0.375023569742754	0.931583554099636
TCGA-DX-A8BG	0.0236176298318368	0	0.0551393962376733	0.344669239234827	0	0.0885847788509287	0.00242363886579547	0.0726192340718983	0.0691669095555316	0	0	0.000509930460085359	0.0411714531990553	0.039857280544338	0.124133983317616	0.115953464713539	0.00896606569392151	0	0	0.0131869954229534	0	0	0.03	0.18797012812687	1.03008051195678
TCGA-DX-A8BH	0	0	0.0368011713249097	0.24920176249155	0	0.0594341994070275	0.0673876114700682	0.0507218470312435	0.0457388955587407	0	0	0.0556231569031268	0.0382273909317808	0	0.0894687289833577	0.211349076963358	0.0301186032114876	0	0.0612053359416761	0	0	0.00472221978167329	0.069	0.142573686057079	1.03141024458313
TCGA-DX-A8BJ	0.00443364398988924	0	0.00937541378439759	0.0234493683943079	0	0.12619852764294	0	0.0303469802676584	0.0854534229375033	0	0	0.0151552968218465	0	0.401684485002363	0.0421424732083406	0.241586185234024	3.71589087071677e-05	0	0.0201370438080223	0	0	0	0.004	0.357669340383138	0.950855422948956
TCGA-DX-A8BK	0	0.00928576958812027	0.0101034062574165	0.10676716628449	0	0	0.06320625198702	0.00809613316184724	0.0574068756908609	0	0	0.0155525194328266	0.0237638872048581	0.0190216125990769	0.0423900008566916	0.560084443038961	0.00320214688402771	0	0.075055401417468	0	0	0.0060643855963353	0.004	0.377749602728181	0.929797319150518
TCGA-DX-A8BL	0	0	0.185327604341068	0.177284911277019	0	0.080595805503716	0	0.0411718687015501	0.152304703939676	0.028175618370579	0	0.016896583398912	0.00589413189560556	0.00733506571470892	0.0882390070988439	0.171040375918407	0.00862789067657776	0.000854148813969226	0.0362522843493681	0	0	0	0.01	0.27488399869332	0.979199513795067
TCGA-DX-A8BM	0	0.00345179419018523	0	0.0502585648498483	0	0.227255563180765	0.0210189519131094	0.0044191410062746	0.0134152297057577	0	0.0140003879807469	0.0266013867878047	0.0760912844967278	0	0.118370354242229	0.397607822782214	0	0	0	0.046172418392395	0	0.00133710047194326	0.056	0.155818879932136	1.03176409017668
TCGA-DX-A8BN	0.00305149130336372	0	9.16731232203077e-05	0.0201511517107832	0	0.0566321462119533	0	0	0.02325103008771	0	0.0543090287569066	0.0082866299660368	0.156164511213451	0	0.00215483540631676	0.608354304990363	0.00127738925057841	0	0.066275807979317	0	0	0	0.018	0.223267219380236	1.017247065111
TCGA-DX-A8BO	0	0.0117882195301633	0.00261745813058526	0.0432707330004373	0	0.064771761903895	0.0377918849764982	0.039570436527593	0.0809738865915129	0.00966067336699908	0	0.00294370605743261	0	0.00324290424789642	0.0518500808239058	0.480354306875131	0	0.0715660717060037	0.0942183129910239	0	0	0.00537956327092299	0.00600000000000001	0.308115289905466	0.959901291333015
TCGA-DX-A8BP	0.00294420963446459	0	0.0111886131492026	0.339280098867965	0	0	0.1389679371311	0.0433266840953841	0.0337169820649443	0	0.0105561028607654	0	0.00924597355878612	0.0522661536096721	0.11977752903214	0.21721728361382	0.0156442295151077	0	0.00336591367682773	0	0	0.00250228918981959	0.00600000000000001	0.320441081567131	0.957935925596848
TCGA-DX-A8BQ	0	0	0.0268287499434299	0.292710837414535	0	0	0.0195278614241174	0.0772252685702112	0.0589803985815842	0.00481980508225089	0	0.0300723306887698	0	0	0.0986773694733578	0.300930194146206	0.0214575073921461	0	0.0687696772833918	0	0	0	0.004	0.36925906194511	0.931966605014077
TCGA-DX-A8BR	0.0112722537642949	0	0.0102273972330982	0.0231465500558268	0	0.00893807627832156	0.0227616455962155	0.00482401108919151	0.0335187757042517	0	0	0.00265732756202492	0.0103798184879824	0	0.047592740792873	0.694386351239595	0.00831567680022639	0	0.109855805153911	0	0	0.0121235702421869	0.004	0.383620402798859	0.936088337329176
TCGA-DX-A8BS	0.0024447996180266	0.00109481603878358	0.00314849348878043	0.0392901170043944	0	0.119354613831278	0	0.0201573095660524	0.0556093756250547	0	0	0	0.0156991565020657	0.243856499183021	0.0305610041120638	0.432402490748505	0	0	0	0.0284990339067442	0	0.00788229037522995	0.004	0.386275772949006	0.932161749489193
TCGA-DX-A8BT	0.0532433837365408	0	0.003388787089848	0	0	0.108128644441745	0	0	0.0636025343215902	0.027747285907767	0.0611870539692995	0.00161647427238761	0.0159905394049305	0.107406848159339	0.0533770430470125	0.431282719570579	0	0	0.0730286860789602	0	0	0	0.00600000000000001	0.326809287921406	0.951815800365086
TCGA-DX-A8BU	0.05964460328511	0	0.0265989699578739	0.132666963423702	0	0.192252234055359	0	0.0452146784285488	0.0845028770598481	0	0	0	0.00198028531246584	0.10736992703472	0.044956030459035	0.286797304814604	0	0	0.0180161261687328	0	0	0	0.079	0.12878791116455	1.04061944672964
TCGA-DX-A8BV	0.00321598798716244	0.000289518061444435	0.00291088794784275	0	0	0.0614640576543609	0.00322560065303553	0.00742502892491281	0.0477335575322407	0	0.0356359906227466	0.00593317026635436	0.0415116787697117	0.205123031330159	0.0433548174027938	0.508717679803025	0	0.0103726227780997	0.0230863702661103	0	0	0	0.003	0.430904877925158	0.908131988616536
TCGA-DX-A8BX	0	0	0	0.00811577050651361	0	0.0951287920714032	0	0	0	0	0.00410093005865096	0.004954684128332	0.165761736107541	0	0.0399996350474668	0.676868625880783	0	0	0.00506982619930965	0	0	0	0.003	0.410177528497772	0.924655010860694
TCGA-DX-A8BZ	0	0.0104524405301633	0	0.00801761979033596	0	0	0.00419305169574254	0.00509360382267294	0.0126082259526272	0.0122757114314717	0.00181203867690109	0.00374214913588702	0	0.293930178221746	0.00100152676206275	0.612489164361024	0	0	0.0343842896193657	0	0	0	0	0.654692802938002	0.756572501915925
TCGA-DX-AATS	0	0	0.00124002809116937	0.0437957577542218	0	0.0650348110846822	0.0280586465676484	0.027272390959401	0.0333251875216248	0.00440115460458141	0	0.00876200214598744	0	0.336686279453939	0.0188761309704555	0.346556385148119	0	0	0.0847020292740482	0	0	0.00128919642412211	0	0.696030297020881	0.738012580845082
TCGA-DX-AB2E	0	0	0.00793618518113453	0.20324050707959	0	0.0201307585570118	0.0734285414781485	0.000243444149911351	0.0246041583081966	0	0.035455971299647	0	0	0.227646910397284	0.0576382519039531	0.26653157195185	0.000221816977718128	0	0	0.0829218827155557	0	0	0.003	0.419957925173562	0.908208567876451
TCGA-DX-AB2F	0.00384127852824039	0	0.00392083329115324	0.0340396367010848	0	0.120825639152505	0	0.00412073587513335	0.0662327376110315	0	0.0368953739878097	0.025229351643238	0.110894759862342	0	0.0509277528051045	0.511809491186094	0	0	0.0215806592165108	0	0	0.0096817501397533	0.005	0.33363121822176	0.951546882509485
TCGA-DX-AB2G	0	0	0.0147680653770524	0.0390208031632983	0	0.12706678875362	0.0130312317444928	0	0.037706676836407	0.00738351155987147	0	0.00530095228755089	0.121344083469019	0	0.0672908538635316	0.523229588811509	0	0.00633188102413514	0.0375255631095127	0	0	0	0.123	0.0997094590731223	1.06149200578665
TCGA-DX-AB2H	0.0977234365319779	0	0.0110050400522865	0	0	0	0.0439965980545624	0	0.0454413331182642	0.171299777467989	0	0	0	0.445608679633404	0.0569822226696728	0.101641629684385	0	0	0.0243798199549739	0	0.0019214628324846	0	0.117	0.102279523749652	1.07992952297026
TCGA-DX-AB2J	0.00853903474856652	0	0.00462539796745245	0.0542566181392466	0	0.214676602824116	0	0	0	0	0	0.0567412948884713	0.0724775494393951	0	0.00846196136644967	0.450062217627692	0.0143066209843971	0	0.115852702014213	0	0	0	0.385	0.0290823506399019	1.07908976556283
TCGA-DX-AB2L	0.0155583272935987	0	0.0168880754214981	0.0562305134061119	0	0.0338391255051119	0.0261993922653889	0.0114282326056085	0.0659006336951038	0	0.0362457387721907	0	0	0.153999768587771	0.0171433009804094	0.540167887282818	0	0	0.0263990041843889	0	0	0	0.037	0.171342196893986	1.04123825764933
TCGA-DX-AB2O	0.0407054743726126	0	0.00878962388647454	0.195595466469541	0	0.136876429020865	0	0.0479964876565646	0.0573226236860062	0	0	0.0582581531552154	0.0102402235824106	0	0.100198291225184	0.277946766462473	0.00422377456558859	0	0.061846685917065	0	0	0	0.023	0.20860692864823	1.00696654381512
TCGA-DX-AB2P	0.0427117009447107	0	0.0277774426635131	0.00812116802397931	0	0.0594052387814236	0.0393876095276193	0.00960087496979269	0.0394070996719749	0	0.0561059825209026	0	0	0.307122985907608	0.035156262407164	0.316450835657509	0.00216100325938445	0	0.0538478845800372	0	0	0.00274391108438179	0.001	0.532590047438975	0.847271684299406
TCGA-DX-AB2Q	0.00416711302011249	0	0.0158088912569598	0.0544329078004308	0	0.269079813396981	0.0319078941949174	0	0.0395366927367068	0	0.0428636607548418	0	0	0.258749664921593	0.0974711389743706	0.145947027096381	0	0	0	0.0292896440236162	0	0.0107455518230884	0.0659999999999999	0.146715970516855	1.03984442500875
TCGA-DX-AB2S	0.0515640074954015	0	0.116039460104918	0.105879477167241	0	0.137097308405971	0.0153533663805207	0.0587881759283903	0.129422681050708	0	0	0.0379941184379475	0	0.0921874095068778	0.0916068919204597	0.120071904863699	0	0	0.0439951987378647	0	0	0	0.011	0.265836470334343	0.979359755752115
TCGA-DX-AB2T	0	0	0.00275565678814019	0.280103528182093	0	0.0937508022395431	0.0154597385490791	0.0444427505603985	0.0492735135078433	0.00707660515960812	0	0.0144991234111042	0.0358528036964998	0	0.0842348615488927	0.268105853140447	0.0417361219548939	0	0.0627086412614566	0	0	0	0	0.559026585763551	0.835495995277033
TCGA-DX-AB2V	0.0753840399744263	0	0.0052852577402893	0.0636309462922971	0	0.0855287072081598	0	0	0.0301407026947613	0	0.116436515200909	0.0143878856415149	0.00696599969737117	0	0.0242559132727795	0.418810839455374	0.0525996996526551	0.0499690948154997	0.0560477888222271	0	0	0.000556609531735744	0.028	0.192193708381797	1.00752964201067
TCGA-DX-AB2W	0.0237864431008826	0	0.0469670079147595	0.058337355261362	0	0.107645818838305	0.032658345573757	0	0.0258859960211557	0	0.0571984049405014	0	0.0224297322030798	0	0.017599457250063	0.536652485626675	0.000474701334332627	0	0	0.0650200538132752	0	0.00534419812185082	0.012	0.258145101770778	0.985833227657705
TCGA-DX-AB2X	0.000720907648597746	0.00432656072846202	0.000373611171153968	0.0282457148275943	0	0.0627557255513455	0.0211378248364625	0.00672181440242346	0.0597478224157051	0	0.0353047657185493	0	0	0.288464015523027	0.0068288932086673	0.463012070470878	0	0	0	0.0223602734971338	0	0	0.00600000000000001	0.31943513749054	0.976433689872509
TCGA-DX-AB2Z	0	0	0.00305422275840071	0.472344272293137	0	0	0.0285047648614924	0.0641474220385968	0.0401248846785782	0	0	0.0370470179090888	0.00156250155832931	0.115101173978295	0.0497805211581302	0.182768975251419	0.00339640701050448	0	0.0021678365040276	0	0	0	0	0.553528745074046	0.832344271966018
TCGA-DX-AB30	0.0512000568891348	0	0	0.0305837657080165	0	0.232230623290999	0	0	0.0544194414906418	0	0	0.0123786271570475	0	0.333774185689339	0.0556653230272271	0.136466098302963	0	0	0.0932818784446314	0	0	0	0.113	0.104441801361803	1.05880959564619
TCGA-DX-AB32	0.0463616239456824	0	0.0197787787074928	0.126771197836733	0	0.13956681694147	0.0343668166467658	0.0596434919509858	0.0858446350741327	0.0142020139451233	0	0.0147026230729078	0.00954953863723032	0.0429306033027133	0.140667591808867	0.250006360330504	0.0122207380073163	0	0	0	0	0.00338716979207552	0.003	0.458422895308018	0.887872601939958
TCGA-DX-AB35	0.0253374707842247	0	0	0.0455240628518849	0	0.158915954901895	0	0.00188749283451225	0.0387669652495741	0.00478673173541576	0	0.102260908200004	0.0218655930111709	0.00241193071605719	0.135161013435177	0.421252521574169	0	0	0	0.0377015050451376	0	0.00412784966077837	0.03	0.189249275966297	1.02440434526433
TCGA-DX-AB36	0.0140215790521087	0	0	0.0387309907905872	0	0.216030229318747	0	0	0.00106514415335614	0	0	0.0574654356796416	0.0243944160594183	0.312398564564156	0.0321755140138071	0.298369950840779	0	0	0	0.00534817552739896	0	0	0.097	0.115600036996636	1.06927926263197
TCGA-DX-AB37	0.00325554731586758	0.00105307676057915	0.0792875853079548	0.123737186069294	0	0.0954724683424863	0	0.0350981263511872	0.0498315982566595	0	0	0.0741836231828941	0.0490851922286747	0	0.0395513810350161	0.365916505099993	0.0142225047440527	0	0.0627042860782397	0	0	0.00660091922710034	0.0580000000000001	0.152736587912506	1.02158136341216
TCGA-DX-AB3A	0.0291527768462109	0	0	0.111714499990091	0	0.0795563271823338	0	0.00497691187205361	0.0534080087268333	0.0267600205610505	0.054031644743113	0.00966471209653798	0.0221763059085424	0	0.0931929572514706	0.451992707091545	0	0.0255542896444212	0.0378188380857968	0	0	0	0.079	0.128168401520129	1.04298190064885
TCGA-DX-AB3B	0.103202049571692	0	0.183650875856835	0.0375095138776948	0	0.0756407086913667	0	0.0801925780208106	0.0251753576140547	0	0	0.0641572097761767	0	0.172759774491088	0.0131080842420657	0.081059437482241	0	0	0.163544410375974	0	0	0	0.004	0.385050146849629	0.924161319871169
TCGA-DX-AB3C	0	0.000963673842999895	0	0.0248691033903766	0	0.362577312176674	0	0.00689936706683229	0.0523813625409262	0	0.020803835873297	0.0937482964412152	0.0536487815658476	0.157550812262821	0	0	0	0	0.215373851330594	0	0.0111836035084167	0	0.777	-0.0156325688336942	1.11269282249697
TCGA-FX-A2QS	0.0094761270482158	0	0.00656965736390734	0.10553462258333	0	0.221422771431686	0.0144527573173272	0.0457450420951423	0.028372945487022	0	0	0.00401295025109826	0.0434318767946251	0	0.167293562091171	0.285343825777248	0.0125796973275568	0	0.0443229689516621	0	0	0.011441195480009	0.099	0.113674985576518	1.05262277012296
TCGA-FX-A3NJ	0.0201806168691335	0	0.0194122913590777	0.0758942738534798	0	0.176598883552676	0	0	0.0677848928801505	0	0.0374734226376718	0.0193751261268947	0.0652810102150788	0.014688466558548	0.0661289616791201	0.0700813300549452	0.00317571556112638	0	0.363925008652098	0	0	0	0.08	0.125914664657472	1.04622423656542
TCGA-FX-A3RE	0.0466368482554007	0	0.00307720969643768	0.0114383811151892	0	0.0380438761204944	0	0.0869605383223485	0	0.00143890814754838	0	0.0519743288777573	0	0.299072467762279	0.0482849315025124	0.404640907694245	0	0	0.00843160250578798	0	0	0	0.016	0.232788898030074	1.0178563543675
TCGA-FX-A3TO	0	0	0.00420960192902772	0.0891188126372834	0	0.122563784786128	0	0.0416890864881347	0.044137965713505	0	0.0189790351565908	0.0066381210448199	0.0119735010302063	0.00338953339129809	0.0723086542736771	0.464128334786064	0	0.0903578717426929	0.0178421346277424	0	0	0.0126635623928303	0.071	0.13780999495142	1.04127394013097
TCGA-FX-A48G	0.0265517709249022	0	0.0324268319581799	0.11921660159045	0	0.0126110978277409	0.0252318471176251	0.0242687287822879	0.164468755472014	0	0	0.129023529119583	0.013915844547296	0.0103520198813226	0.0350500313380815	0.261594875472114	0.00143187094604969	0	0.143856195022352	0	0	0	0.074	0.132677233302835	1.03635565043492
TCGA-FX-A76Y	0	0.00257061540146976	0.00243791018680918	0.0570006710686182	0	0.189038775125419	0	0.0601543831960043	0.060001828012192	0.00375421519874511	0	0.0659543310077495	0.0031165136750876	0.0717968711109877	0.0446413608812898	0.189427061144476	0	0.0151893811299587	0.234916082861193	0	0	0	0.00700000000000001	0.289244688308208	0.966843672416631
TCGA-FX-A8OO	0.00368095260739104	0	0.00850269337765206	0.00495379373984638	0	0.164830753102714	0	0.0123153177856317	0.0876944746841474	0	0.044650258860368	0.0260541831545273	0.0431679334371276	0.255768020179153	0.0284226133535507	0.267837738587132	0.0152419118621123	0	0.0368793552686462	0	0	0	0.418	0.0231898885236864	1.092421366503
TCGA-HB-A2OT	0	0.00566580290252554	0.0013574310264772	0.00247471331757184	0	0	0.0325134694119259	0	0	0	0.0115746082042371	0	0	0.672347584373236	0.00145008829930095	0.191443768617529	0	0	0	0.0792594738351519	0	0.00191306001204498	0	0.796133632853538	0.609332011524031
TCGA-HB-A3L4	0.0281163830938406	0	0.0147753257640838	0.00527446957987566	0	0.0487979334061354	0	0.00340166997060874	0.0215070458146281	0	0.0283566193226058	0.00508969346370692	0	0.415331310440282	0.0145200274071179	0.382526389094642	0	0	0.0323031326424729	0	0	0	0.002	0.519727287334781	0.858019215010738
TCGA-HB-A3YV	0.0537398427991912	0	0	0.21029297838034	0	0.116320771149295	0	0.0836484893742918	0.123350448986648	0	0	0.0470300799018804	0.078146088443562	0.173035934868705	0.0923074009264373	0.0100052740683465	0	0.0101315840591358	0	0.00199110704216791	0	0	0.298	0.0442829301575201	1.09437282109365
TCGA-HB-A43Z	0.0152474195766414	0	0	0.0334896379052761	0	0.129179678261676	0	0.0223940830517814	0.00577690729453603	0	0	0.0271245019376251	0.0630843785537659	0.0621766222790606	0.0474522552988247	0.384522952042667	0.0012752878158021	0	0.208276275982344	0	0	0	0.198	0.0725373586997192	1.05982504071412
TCGA-HB-A5W3	0.0259228145288951	0	0.00205699116250497	0.0551695951887418	0	0.195029535117853	0	0	0.0171199318862575	0	0	0.0352164296359305	0.0495379638507801	0	0.0638212348295459	0.327419901830851	0.00979248368721031	0	0.218913118281429	0	0	0	0.021	0.215706144448378	0.995633518889905
TCGA-HS-A5N7	0.00504522251427653	0	0.0215598523024684	0.0454777005016138	0	0.213502814860508	0.0725152477831517	0.0198358727123295	0.0338763738620759	0	0	0	0.0387490499056504	0	0.0204804148108493	0.430655357702439	0.0133397388357086	0.00325040229496184	0.0810021014437848	0	0	0.000709850470182228	0.074	0.132791165259121	1.03167045344844
TCGA-HS-A5N8	0.0189330793384932	0	0.00104069636706366	0.0588484766677393	0	0.156577700874098	0.111710523669501	0.0225171085268751	0.00159379445877176	0	0.035942143703973	0	0.0993650841430134	0	0.0307153171337584	0.420487417219994	0	0	0.0422686578967202	0	0	0	0.126	0.09803400511133	1.0449601665055
TCGA-HS-A5N9	0	0.0265155059532232	0.0117609820941339	0	0	0.158787141336058	0.0388623839112593	0.0103293030597095	0.09568413909752	0	0.0366787798889968	0.0197673357463766	0	0.532126111755024	0	0.0247760047769943	0.00942924514977842	0	0.0342375722032887	0	0	0.00104549502763754	0.019	0.219062086213501	1.03340265529944
TCGA-HS-A5NA	0.0138845869349373	0	0	0.056605507445144	0	0.118547119979626	0.0580165734149703	0.0414311289033543	0.0766603550461168	0.0112386703282241	0	0.00523557571574882	0.0410765622805464	0.246093608041082	0.053161682928782	0.207206009612358	0.0112630475101439	0	0.0595795718589653	0	0	0	0.013	0.249515910256367	0.986553970529699
TCGA-IE-A3OV	0.0466224356616457	0	0.0553430114201329	0.121369789348002	0	0.150546924184635	0.0125055267355274	0.0295432997793903	0.109376043097624	0.00294742133646223	0	0	0.020077201202567	0.109861560095203	0.0999056750290067	0.188854578651031	0.0125536578293548	0	0.0404928756294174	0	0	0	0.03	0.189940477806424	1.009060804014
TCGA-IE-A4EH	0.0286235532009583	0	0	0.0205377591090686	0	0.282452274556322	0	0	0.0463036803999643	0	0.0335356154990826	0.0316304654861969	0.0159573550994323	0.0948647128214264	0.0730394905751681	0.280568562642447	0	0	0.0924865306099333	0	0	0	0.124	0.0990153609100878	1.0460447937655
TCGA-IE-A4EI	0	0.0363917751562301	0.00490916888705072	0.00574144678173185	0	0.128450168023759	0	0.00181874418212959	0.0520956780709484	0	0	0.0392389997851268	0.000907235548103157	0.117510377954333	0	0.521088403522447	0	0	0.0918480020881393	0	0	0	0.037	0.175658121595959	1.03189969987916
TCGA-IE-A4EJ	0.0571178955054647	0	0.0446235472121592	0.0790616359081526	0	0.179259595135124	0.00894081803495818	0.01898918698831	0.0832521929622875	0.0155762299137799	0.00108468545062702	0.00701684504387747	0.0113860967347811	0	0.142537331456685	0.300663628227274	0.00721952337853744	0.000120297643322235	0.0431504904046592	0	0	0	0.073	0.132961414540807	1.03698761034573
TCGA-IE-A4EK	0	0	0.0041741336127005	0.0956117174103078	0	0.19595703823863	0	0	0.0933606482143692	0	0.0182306723660141	0.0380964514621714	0.0271530120820298	0	0.0845736162303718	0.224047144935525	0.017154037651074	0	0.201641527796806	0	0	0	0.423	0.0221101826596363	1.07783353829903
TCGA-IE-A6BZ	5.38067990257314e-05	0	0.00221828808063646	0.0778594983608686	0	0.276335097535913	0.0348788906480037	0.00930264624982088	0.0624910944544918	0	0	0.0384217552079369	0.0065840488359039	0.0110230514414715	0.109849157552425	0.269324408153601	0.00255054082042485	0	0.0991077158594771	0	0	0	0.119	0.101278520435308	1.05159629702835
TCGA-IF-A3RQ	0.00587411484752861	0	0	0.0136916409781385	0	0.10981183056735	0	0	0.00997459081820043	0	0.0136189046539018	0.0280437873273049	0.182290206234403	0	0.0215067983225465	0.585454623836343	0	0	0.0297335024142837	0	0	0	0.0580000000000001	0.152852710618906	1.0514011876331
TCGA-IF-A4AJ	0.0277927090996029	0	0.0039394367646251	0.304702081052509	0	0.0413350780543693	0.0170365461768492	0.0364562447640214	0.0930723072457741	0	0	0	0.0785450050104753	0	0.139392379449294	0.208815751347914	0.0337098293562074	0	0.0152026316783587	0	0	0	0.005	0.34183768296048	0.947799740524131
TCGA-IF-A4AK	0.0590358220924846	0	0.0202831712863268	0.130955300919111	0	0.144185027958107	0	0.0451715777118128	0.0317089873852611	0	0	0.0110776409788185	0.00253116164108106	0.206120642355636	0.08523416161639	0.208973763609741	0	0	0.0547227424452297	0	0	0	0.029	0.191002268323435	1.01171207725586
TCGA-IS-A3K6	0.0296723757489405	0	0.0171709720675079	0.329073358686174	0	0.0773896680265137	0.0626891471506765	0.0916245754137925	0.112239796678461	0	0	0.0412287910341321	0.00621158695929127	0.0610351515009697	0.0474196455730226	0.118828970892565	0	0	0.00541596026795395	0	0	0	0.00800000000000001	0.281124918612518	0.989235937152132
TCGA-IS-A3K7	0	0.00311876655536821	0.0014709916971926	0.139120121657082	0	0.168342875296605	0	0.0623128346230087	0.143504968005164	0	0	0.0517764163371985	0.016873917779569	0.134222624501707	0.0616930436870382	0.208330748393449	0	0	0.00923269146661719	0	0	0	0.00600000000000001	0.321655999631351	0.959292603640321
TCGA-IS-A3K8	0.042542815091696	0	0.00641427601606964	0.0203270449925597	0	0.0531088284905131	0	0.0424907365401858	0.0372062211546492	0.0369579675507038	0	0.046517213082909	0	0.239579189478232	0.0433777204791853	0.243482332330598	0	0	0.187995654792698	0	0	0	0.072	0.136755683085913	1.03674307125577
TCGA-IS-A3KA	0	0	0.0175763490774408	0.471569659387879	0	0	0.116359766383493	0.11566597038991	0.078190428337367	0	0	0.0369708152086783	0.0044928059810092	0.114571503000368	0.0201378369899904	0.0124257685982134	0.010592322590952	0	0	0	0.00144677405469983	0	0.112	0.106168696976463	1.10180608127481
TCGA-IW-A3M4	0.124939457651205	0	0.0178783763283138	0.00465095323829023	0	0.187658236466919	0	0.0495616280133349	0.0177002765300439	0.00940449400767843	0	0.0469163417935883	0.0302666208082699	0.0530527113506208	0.0287308519574631	0.200611921845647	0.0518582962374225	0	0.176769833771203	0	0	0	0.027	0.197189526011853	0.997638987276471
TCGA-IW-A3M5	0	0.0048046321972428	0.00147128012089159	0.0428707277402625	0	0.124980770560978	0	0.00156402915557823	0.0318195261015404	0	0.00531732384373788	0	0.0061200895562306	0.554459319619759	0.0082114037478219	0.197382800613321	0	0.0170738945253354	0.00392420221730042	0	0	0	0	0.738301762892028	0.683826890741774
TCGA-IW-A3M6	0	0.00974418521877795	0.00648462512143667	0.118742576439519	0	0.154069379226322	0	0.0302341662306689	0.120016341922793	0	0	0.009222929077398	0.0469219870844747	0.112452666301924	0.0421441450196864	0.349966998356999	0	0	0	0	0	0	0.24	0.0578722381016018	1.07648320378733
TCGA-JV-A5VE	0.000714581370236188	0	0.0091761347521922	0.265688246537215	0	0.033118575872586	0.0226890567163385	0.104144209469107	0.066565897480754	0	0	0.0285421067457242	0.00596917999004577	0	0.132761396790893	0.297890750543864	0.00512856348803515	0	0.0249631233476597	0	0	0.00264817689534988	0.088	0.121113211875829	1.05529858406998
TCGA-JV-A5VF	0	0.0134285622899931	0.00170974142351893	0	0	0.000866548271034688	0.0716561143398282	0.0128282878628634	0	0.00285620085987387	0	0	0	0.732269182002774	0.00242903894745893	0.141725615023069	0	0	0.0202307089795861	0	0	0	0	0.793273868186822	0.612986085656717
TCGA-JV-A75J	0.0477541007317064	0	0	0.181221942114605	0	0.283625309201817	0	0.0152430328798868	0.105188149681084	0	0.020814241234221	0.056211413088815	0	0.273591895922674	0	0	0	0	0	0.016349915145192	0	0	0.328	0.0366699331139471	1.1187380056009
TCGA-K1-A3PN	0.0520725094585172	0	0.00966550286606319	0.0895333660509706	0	0.260923484723332	0.00163018787993229	0	0.0724397861384187	0	0.0250462280989204	0	0.0488793586205486	0	0.0325556297625865	0.247018737271777	0.00296023331011416	0.00191590508939033	0.155359070729429	0	0	0	0.014	0.246411400401672	0.982726882230231
TCGA-K1-A3PO	0.0727713282592727	0	0.102222201819482	0.201289379149621	0	0.119169653275253	0	0.0175452793660139	0.0510083810486554	0	0	0.0800552113845533	0.00526621207959374	0	0.022424233876379	0.159361687799408	0.0454984845595344	0	0.12170260207584	0	0	0.00168534530639321	0.00600000000000001	0.328115905110569	0.949394712797604
TCGA-K1-A42W	0	0.00254788323381793	0.00254133844096606	0.0789841789085826	0	0.166076324408428	0	0	0.0198955618377686	0	0	0.0293065174628178	0.0637222573990903	0	0.0649500320292207	0.359290507508646	0.0209080610305894	0	0.191777337740072	0	0	0	0.00900000000000001	0.277138066792322	0.970431069184347
TCGA-K1-A42X	0.0256370251667109	0	0.026120365510467	0.0826936274911657	0	0.213692173248368	0	0.0102358943183634	0.023087176061093	0	0	0.0505674851169537	0.0354605674457353	0	0.00812251962379959	0.156696138150991	0.0113926199002657	0.019183171800292	0.337111236165795	0	0	0	0.166	0.0816897379760725	1.06032745308432
TCGA-K1-A6RT	0.0608769854280148	0.0782671536077107	0.0530580163490182	0.218037599277013	0	0.155726376376064	0	0.0783671560312313	0.106496657252861	0	0	0.0351872327690437	0.00677579917180086	0.0402109103711429	0.0698213069161058	0.079321807452365	0	0	0.0178529989976292	0	0	0	0.005	0.352539906272061	0.946564614693957
TCGA-K1-A6RU	0.0150958111106875	0	0.0138082669718146	0.0823052065103952	0	0.0793611826107584	0.000171105188129839	0.0161909152586867	0.0368785363793491	0	0.00173993115267846	0.0242968657725026	0.0253922497855931	0	0.0906952889628799	0.48130074220164	0.00947270126608958	0	0.123291196828795	0	0	0	0.043	0.16548377804095	1.02452161152571
TCGA-KD-A5QS	0	0.0128331257488628	0.00471464467333988	0.0310499644573947	0	0.0882466904936924	0	0.0165096936675273	0.0287238190301681	0	0	0.00977710403529762	0.0116357396104692	0.390201010819751	0.0289283123813457	0.262381169016094	0.000131822925608503	0	0.114866903140449	0	0	0	0.002	0.479315800724129	0.879248183491665
TCGA-KD-A5QT	0.0430526315589887	0	0.0126552429153735	0.0906768323383759	0	0.233398631780397	0	0.0833858637689355	0.0275289424028153	0.0277988856531151	0	0.049079540124548	0.00294471954495685	0.0190921514221898	0.114322922646462	0.148180242095479	0.00857763164132878	0	0.13538624505435	0	0	0.00391951705268484	0.093	0.118612533730752	1.0447689853648
TCGA-KD-A5QU	0.0059365860083039	0	0.00965567894695113	0.164107017198078	0	0.120740727486	0.0032289973677493	0.0164785930898495	0.0303255122106607	0	0	0.0428632189911776	0.0216325113713423	0.107250503588038	0.070354254993637	0.227867675227949	0.0335018170248812	0	0.14331043178717	0	0.00274647470821284	0	0.00800000000000001	0.282278297729118	0.967612146138451
TCGA-KF-A41W	0	0.00681397669096692	0.0705950898263129	0.0634183441094042	0	0.198114803705318	0.0288924041488954	0	0.0152520059743151	0	0.00796153006142303	0	0.0759834756926808	0.188382934202229	0.119030530790398	0.185715903023128	0.00282435638063604	0	0.0370146453942921	0	0	0	0.08	0.127944058064128	1.0358650678784
TCGA-LI-A67I	0.00347989985666051	0.00233712387609537	0	0.00234102815908278	0	0.0880133719533488	0.107672384744985	0	0.0112419468785251	0	0.0452065529539796	0.0021470829392965	0.00121108296334432	0.229828431521758	0.0232460060661052	0.452471009416002	0.00075457516033732	0	0.0285468727187687	0	0	0.0015026307917109	0.002	0.482677449028084	0.876306259174425
TCGA-LI-A9QH	0	0.0206350674359885	0.00606858114438788	0	0	0.212541084068859	0	0.00467301491139351	0.044193554666724	0	0.0291329880670733	0.0442047488572339	0.0407180203834093	0.0689737741217201	0.0193449744081988	0.265533956675333	0.00040870416526335	0	0.243571531094416	0	0	0	0.11	0.106958252656194	1.04067755039689
TCGA-MB-A5Y8	0.000436663090946428	0	0.000142437264367679	0.0500169945339276	0	0.00279969470398909	0.0212819956960357	0.0206313224321003	0	0.0131301527713581	0	0.0429879763499547	0	0.482290016330751	0.0163026184950982	0.265470888763521	0.0117938286460763	0	0.0727154109218734	0	0	0	0	0.75481415143667	0.674555779365476
TCGA-MB-A5Y9	0	0.0543390741592746	0.0766458688085512	0.133190857421446	0	0.0108369531573754	0.0178155267207922	0.0504897832393544	0.0369944139373575	0.0140256919594818	0	0.0700577908213226	0.0120533848367532	0	0.031269335703988	0.371049265611986	0.0177120725686384	0.00579781350279705	0.0838000612703693	0	0	0.0139221062805117	0.016	0.232634381378845	0.98733662870456
TCGA-MB-A5YA	0.00148301692810096	0.00603599190335369	0.00250109792853055	0.0130906886113085	0	0.154159826663069	0	0	0.048967792493238	0.0270303265081303	0	0.0495558965142767	0.101899899669059	0	0.0380467251835169	0.302859230525414	0	0.0428047327333448	0.211564774338658	0	0	0	0.014	0.246823741268397	0.981670706930805
TCGA-MB-A8JK	0.0244057068076578	0	0.00186171823497496	0.118612011914402	0	0.00517180991594901	0	0.0317871373290821	0.104662803743319	0.0223962678832635	0	0.047214396433287	0	0.103747487298905	0.0834268012178964	0.176241320979992	0	0	0.280472538241271	0	0	0	0.005	0.347318304396032	0.94118945950482
TCGA-MB-A8JL	0.0457179664835497	0	0.0491096680654215	0.101771593900675	0	0.0322168643404504	0.0233680128643808	0.0460212290760333	0.0421975499756495	0	0.0316492237714262	0	0.0200711284610977	0.213644371919663	0.0399766111654799	0.323027406818969	0	0	0.031228373157204	0	0	0	0.048	0.163122679377647	1.02596207727904
TCGA-MJ-A68H	0	0.00234162007363812	0.00660616334609197	0.0122910490387278	0	0.265281122980807	0	0.0341332710473005	0.0621315414482999	0	0	0.032225377420771	0.0452934514677164	0	0.0848123698054483	0.249795046925914	0.154965217728154	0	0.0501237687171312	0	0	0	0.163	0.0836521061349827	1.04974161232755
TCGA-MJ-A68J	0	0	0.00179716161791518	0.0185299950665748	0	0.109065876388483	0	0.0241819089791883	0.0666430050235008	0.00167288939108541	0	0.0362048554358331	0.00161450370395916	0	0.0293206953879701	0.215718589292813	0.172254466846634	0.00428263334834946	0.317987571807858	0	0	0.000725847709836488	0.00700000000000001	0.29781518698802	0.963731713786195
TCGA-MJ-A850	0	0.0895204101570582	0	0.0464319542863002	0	0.0915134512903919	0	0.00961771970360404	0.0611516303551169	0	0	0.0756282562688995	0.0137026448193008	0.162446409014003	0.0090876364676152	0.186022974911625	0	0.00789451373642517	0	0.229923903619912	0.00320049793110444	0.0138579974386437	0.419	0.0229707694696454	1.10253030678745
TCGA-MO-A47R	0	0.0265654797350127	0.0177936052214792	0.0908941253487007	0	0.121645063497438	0	0	0.00506258999770903	0	0.0616630927366144	0	0.0122425105540997	0	0.0595026014775183	0.436694133454416	0	0	0.167936797977013	0	0	0	0.38	0.0298941718557805	1.07385188469623
TCGA-N1-A6IA	0	0.00310997286466659	0.00617750440185845	0.0269147491190717	0	0.113357295875119	0.0368235775616303	0.0377310148728154	0.00778643137823334	0	0.00164113882330698	0.02430715688508	0	0.467952794176122	0.0732522473288715	0.132848039813752	0.00553950970432881	0	0.0625585671951435	0	0	0	0	0.688127938286363	0.739519989701645
TCGA-PC-A5DK	0.0521437521940198	0	0.0213065452051533	0.226603289243415	0	0.225972628151588	0	0.023937371507353	0.0652311357258974	0	0.0396747915773102	0	0.0337514610506646	0.000589968520945323	0.0881349581681723	0.0600148694415822	0.0133125384850949	0	0.149326690728805	0	0	0	0.036	0.177515630243537	1.02750847688172
TCGA-PC-A5DL	0.0402757774702379	0	0.0163727007960294	0.0561808129531783	0	0.270819269205343	0	0	0.0486781052488197	0	0	0.0162015484900506	0.0678655742565805	0.00708721023125697	0.117920367024467	0.140463921498652	0	0	0.218134712825385	0	0	0	0.016	0.235118400330391	0.989564292405471
TCGA-PC-A5DM	0	0.00451853107180559	0.00478505592525942	0.00588891817749297	0	0.262616771680114	0.0534078845926284	0	0	0	0.0315956446787567	0	0.0567880268941952	0.202995839055663	0.00263737701675222	0.35390026021141	0	0.00490682304658096	0.0159588676493425	0	0	0	0.016	0.233319186601581	1.00058973349613
TCGA-PC-A5DN	0.0589872228514199	0	0.0133814823507913	0.0225536754879876	0	0.253889321820864	0.00228535646638143	0.0258483647245382	0.0174823727163023	0	0.0287171149035021	0	0.0428869737499944	0.239238762541256	0.0334937276378313	0.21173546526915	0	0	0	0.041056941203357	0.00844321827662414	0	0.078	0.13151035566022	1.03981268224864
TCGA-PC-A5DO	0.0352463621238688	0	0.0110203267968341	0.162823562277645	0	0.14242247081969	0.00285965693088677	0	0.122919315725399	0	0.0505809484475752	0	0.0274300777897939	0.0979233738081721	0.0299990639397918	0.242808429298593	0.0577048845601988	0	0.0162615274815512	0	0	0	0.014	0.240766363195877	0.989427568407785
TCGA-PC-A5DP	0.1354791681881	0	0.0367609508910013	0.116661913646165	0	0.246407596786871	0	0.000711636597540202	0.0829263819410945	0	0	0.0155405199650637	0.00391673311575078	0.0816729388838944	0.0435741870994365	0.160594527384926	0	0	0.0757534455001562	0	0	0	0.017	0.229691896034225	0.99366000689017
TCGA-PT-A8TR	0.126370102755452	0	0	0.141658084688362	0	0.115467026119824	0	0	0.115584387425904	0	0.041810948021758	0.0164580798391812	0.056644253046137	0	0.0193940642504456	0.366550818219505	0	0	0	0	6.22356334301731e-05	0	0.83	-0.0203246922458414	1.10180321269622
TCGA-QC-A6FX	0.00177879179249749	0	0.000935543618010447	0.0329396114532478	0	0.150436074167584	0	0.0244515765748277	0.0296159039331079	0.00433386313479071	0	0	0	0.111256496298001	0.172077326926035	0.405689625625488	0	0	0.0591573672521896	0	0	0.00732781922422041	0.004	0.39136698089932	0.925816616075834
TCGA-QC-A7B5	0.00133677891570542	0	0.00348318116399664	0.0660550877475124	0	0.0273670838790671	0.0256892331245457	0.0252043018468693	0.125412283832318	0.0456498665486787	0.00851854113495016	0.0179607531105569	0	0.371113832740826	0.0506986124020644	0.157926124900641	0.0019170355105012	0	0.0716672831417668	0	0	0	0	0.671711747516088	0.761565495904748
TCGA-QC-AA9N	0.00165754953209237	0.00550567174118824	8.08060104349565e-06	0	0	0.14415533821757	0.00617690625966735	0.00795717929971825	0.0453669117727861	0	0.0880343371298007	0	0.0391454988357185	0.42084984062685	0.00311546567941203	0.179867435143806	0	0	0	0.0532983801689532	0	0.00486140499139363	0.00700000000000001	0.29689437568143	0.984716146437209
TCGA-QQ-A5V2	0.0375924725297935	0	0	0.0245697567643836	0	0.0028040231111437	0	0.0316647008030882	0.0546251379042989	0.0314284392656147	0.025743723935267	0.00665190307287023	0.0158228897108899	0.45811483047151	0.00175957360338204	0.270621078293209	0	0	0.0386014705345489	0	0	0	0	0.746876568690102	0.686345286045662
TCGA-QQ-A5V9	0	0	0.045271956045492	0.188047415872614	0	0.0236961719852464	0.0392564640283818	0.00731793756335757	0.0472059127708302	0	0.0164687094324408	0	0.0288944654302497	0.0319261326478536	0.0186879874176429	0.543196756405872	0	0	0.0100300904000196	0	0	0	0.071	0.137645563398458	1.04466965920528
TCGA-QQ-A5VA	0.03248422417051	0	0.0915275840679505	0.219149019564239	0	0.196099423855574	0.0334379040307422	0.0634513772469577	0.0725815311357447	0	0	0	0.0241795639924793	0	0.0803372567396776	0.111956833974485	0.0253119272127733	0	0.0418436391237945	0	0	0.0076397148850721	0.022	0.214237718746366	1.00816628474448
TCGA-QQ-A5VB	0.00104289964488936	0	0.00511298917750579	0.22240110541672	0	0.0497386982368752	0	0.0709177754470567	0.089857771101179	0	0	0.0726090218459328	0.0310719604865879	0	0.0759704891464225	0.343997284946698	0	0	0	0.0348820842079103	0	0.00239792034222239	0.003	0.412764769976886	0.911937423656367
TCGA-QQ-A5VC	0	0	0.00249481165583079	0.0842630760670104	0	0.233299857898852	0	0.0386099101649391	0.0215347864460621	0	0	0.0369720137237641	0.0354483938453834	0.0934728707402141	0.027031292720851	0.387990152459426	0	0	0.0380626981134987	0	0	0.000820136164168644	0.072	0.136963886923659	1.03980139470712
TCGA-QQ-A5VD	0.0147043528145948	0	0.00437800886954493	0.0556660109049707	0	0.0728144679476894	0	0.030087898198306	0.0766965406978521	0	0	0.0419189857760206	0	0.413592678259734	0.0329847025729847	0.118455564690761	0.0165321769846192	0	0.119707252289747	0	0	0.00246135999317599	0.001	0.538400736918567	0.843198004000867
TCGA-QQ-A8VB	0.0364276528319247	0	0.0195719335881545	0.0759611316128704	0	0.110935937713472	0	0.0245432164295385	0.0327979352548708	0	0	0.046013794774613	0.025111256128391	0.0276898865032563	0.0619867619404003	0.147915638262326	0.02718762991533	0	0.363857225044853	0	0	0	0.229	0.060534774516879	1.06942908641158
TCGA-QQ-A8VD	0.00496691598935485	0.00240009423030767	0.0063010893489561	0.0387296499551346	0	0.239908467110235	0	0.0457432259864495	0.0355984696712378	0	0.0811892882062502	0.0169546312186442	0.0439192516424943	0.226874541654349	0.0131836038347901	0.111001758200108	0	0	0.133229012951689	0	0	0	0.101	0.11145498485359	1.0447213171743
TCGA-QQ-A8VF	0.0268145893696943	0	0.0703403826206971	0.280340138343234	0	0.0759418329984386	0.0608916306852901	0.0625283446437373	0.0824919195802417	0	0.0204462942149074	0	0.0192279820908709	0.110890907640436	0.108759360819078	0.0737541070407358	0.00757250995263754	0	0	0	0	0	0.017	0.230260898649566	1.00331613289682
TCGA-QQ-A8VG	0.0120943947982624	0.0022161089003672	0.0018040008367257	0.0835124231562288	0	0.0843271460401354	0.0121945726171745	0.0259140249614923	0.0494575875777636	0	0	0.00898683189899411	0.123636859554444	0.190169831172782	0.00541219420703268	0.345516544625007	0.00471390492584106	0.0167026403931268	0.0326328310783105	0	0	0.000708103256313021	0.003	0.45173872463081	0.892007005516114
TCGA-QQ-A8VH	0.182150027250024	0	0.035840754645652	0.0538604223855862	0	0.15500209214559	0	0.00224248168134639	0.0773283914837323	0	0	0	0	0.208100707563215	0.00189940866255445	0.274931697645043	0	0	0.00864401653725692	0	0	0	0.017	0.226680366565912	1.00216919481783
TCGA-RN-A68Q	0.0151690785480229	0	0.00198424185395433	0.0591773196142795	0	0.131493362078266	0	0.0456018818656172	0.0186886220658731	0	0	0.0574634292230276	0.328049770064651	0	0.0576714272609729	0.26149389005101	0	0.000211624694686312	0	0.00852485805895718	0.0144704946206828	0	0.01	0.27152305731949	0.978693277357756
TCGA-RN-AAAQ	0	0.00809895629992498	0	0.0102227103168565	0	0.131937923107795	0	0	0.0248621083908689	0	0.0374074701022475	0.00478185805297541	0.257133838499584	0.0112638640289283	0	0.482918478357774	0	0.0225421844461822	0.00785034213904343	0	0	0.000980266257819678	0.005	0.352051053437367	0.946221366729273
TCGA-SG-A6Z4	0	0.0147995258093587	0.00730305586639467	0.0297785411050428	0	0.0864044683567569	0.00302429532570159	0.0245072065915226	0.0702596293025215	0	0.0332167054594866	0.00431461723253116	0.00141677227653836	0.341878044759462	0.00970093580375004	0.333172084862368	0.000445034145652205	0	0.0350126839970859	0	0	0.00476639910582754	0	0.682280332483957	0.747640964890936
TCGA-SG-A6Z7	0.0313894065568699	0	0	0.023241972879277	0	0.171628921696797	0	0	0.054831090149571	0	0	0.0306938238854878	0	0.449925362007074	0	0.122639403419596	0	0.039466465456862	0.0761835539484654	0	0	0	0.0580000000000001	0.153683321753784	1.05633489896101
TCGA-SG-A849	0.0265376329709692	0	0.0159152436214358	0.280573804846146	0	0.0329385068049933	0.0215366100008569	0.085331559282511	0.0627172859588972	0.00470182859583616	0	0.0283316034239198	0.0229187971918687	0	0.111608839072938	0.24947315626591	0.0357631034792085	0	0.0150827285645635	0	0	0.00656929991994529	0.005	0.347205243098316	0.944062677596679
TCGA-SI-A71O	0	0.0235609783675518	0.00738880310603788	0.061014298589203	0	0.117065720669768	0.00771224435823431	0.0238740896959169	0.106463817047846	0	0.000629933764898516	0	0.00206813640487189	0.353229059859644	0.0275232001516524	0.162717720168664	0.000331071697015567	0	0.106420926118696	0	0	0	0.00600000000000001	0.308412454726425	0.966497707015505
TCGA-SI-A71P	0.025791874479223	0	0.00126828628564832	0.100067320644514	0	0.109310250188409	0.00718800653755905	0.0054011648365979	0.0260165952982843	0	0.00949052668195758	0	0.324261028657913	0	0.0644947285738819	0.314032552230961	0	0.0029050933150044	0.00977257227004696	0	0	0	0.005	0.330556983819993	0.951831274058589
TCGA-SI-A71Q	0.0444278046725971	0	0	0.0092914207314518	0	0.266768119538136	0	0	0.106768436416704	0	0.00299991982088455	0.0328076065318145	0.0248789022832156	0.270868199140014	0.0285313112584605	0.164083642092425	0	0	0.0485746375142973	0	0	0	0.133	0.0951589413425345	1.05961336528623
TCGA-SI-AA8B	0.00326042301013556	0.00504330414427757	0.00202004916146147	0	0	0.024220781543631	0.00357450748489821	0.0130398250523411	0.0487620052564517	0.00342291845372473	0.0375014458349525	0	0	0.47231410638164	0.00276165266896518	0.328527912053701	0.0050746845684952	0	0.0504763843853249	0	0	0	0	0.747216954651091	0.678275968792511
TCGA-SI-AA8C	0.00958847443143446	0	0	0.0818237571190805	0	0.12615917333405	0	0.0333684452381618	0.103333766615867	0	0	0.0351323695208998	0.015660571398367	0.27660865915457	0.0285478621573974	0.264825834989109	0	0	0.0233556914674636	0.00159539457359927	0	0	0.004	0.355453048168029	0.943061485695731
TCGA-UE-A6QT	0.019627694022641	0.0122587935533791	0.0159704342315361	0.256780115467504	0	0	0.0717547411139545	0.0696741240221069	0.142667675464487	0	0	0	0.021615962731681	0.102332762615169	0.0835883231453518	0.160366131228666	0	0	0.0433632424035239	0	0	0	0.113	0.105174610392208	1.05110087352316
TCGA-UE-A6QU	0.0276283082919317	0	0.013208446943501	0.353075712304381	0	0.0767714257272438	0.0151254435607279	0.0743917367795616	0.0788539918541328	0	0	0.0116275629631864	0	0.0741133758170624	0.105082115376404	0.143820353165098	0.0152471942770427	0	0	0.00417091844850448	0	0.00688341449122251	0.017	0.22959375958143	1.01157370347609
TCGA-VT-A80G	0.00379773565337775	0	0.00215669112437201	0.138555520600674	0	0.126366508612977	0.0294572634139162	0.0129539967065478	0.0516635668800406	0	0	0.0680955278052417	0	0	0.128659249593863	0.320273644860055	0.0156300360406746	0	0.0958735139111507	0	0	0.00651674479710961	0.0580000000000001	0.152264281628672	1.03065419215136
TCGA-VT-A80J	0.0229247222022845	0	0.0294929913150996	0.220250599963102	0	0.0298519420640002	0.0572714335879999	0.0417903602195088	0.0352497353269258	0	0	0.00371582784969207	0.0270341820365463	0.0863235611510393	0.0606129526296346	0.294478507615626	0.0631075040510835	0	0.0249138069796421	0	0	0.002981873007815	0.00600000000000001	0.327764850037298	0.948121659187056
TCGA-WK-A8XO	0	0	0.00828442194160636	0.0833440204993742	0	0.10696800630203	0.0196549981476263	0.00536422880429727	0.0420592153697408	0	0	0.013253583745376	0.0287927518416488	0.0402364519868401	0.0407004348725444	0.31737005510623	0	0	0.262626450196993	0	0.0313453811856932	0	0.00800000000000001	0.280923196540146	0.969646690374965
TCGA-WK-A8XQ	0	0	0.00122908432894813	0.159494682762952	0	0.0587313861883878	0.109899536805838	0.0177988504605083	0.0285970739717937	0	0	0.0614216792981136	0.0121347994255329	0	0.0335168537122258	0.397905373038791	0	0.0012185076078048	0.109269319928217	0	0	0.00878285247088726	0.288	0.045800441650254	1.06800264208292
TCGA-WK-A8XS	0.00396491405932033	0.0160039948815429	0.00479072345493723	0.0231575985958336	0	0.24479617986311	0	0.0925475153611268	0.0275108948242323	0	0	0.0368571459792317	0.0945241697972938	0	0.0732637181787264	0.233378202981586	0	0.0873242978709215	0.0578720912779548	0	0.00400855287418247	0	0.202	0.0713142978733595	1.05574709641402
TCGA-WK-A8XT	0	0.0676638065849563	0.0158035351081433	0.0486893821077108	0	0.142913895319121	0	0	0.199296113344075	0	0.0815791720032103	0	0.031856021430031	0.315769641104809	0	0	0	0	0.0964284329979434	0	0	0	0.883	-0.0247293569931733	1.11128254357894
TCGA-WK-A8XX	0	0.00664076406705305	0.00389742472885397	0.0182177405189805	0	0.137729671070613	0	0	0.0318653483512868	0	0	0.0231192870248844	0.0311375499973131	0	0.00537227742829555	0.604132320434365	0.0101766756693707	0.0159384142811364	0.110189816618674	0	0	0.00158270980917313	0.003	0.456144041186627	0.890292677281789
TCGA-WK-A8XY	0.00428311999398924	0.0117565096931948	0.0326014594733555	0.0265969748818138	0	0.187012650019341	0	0.0029013315503853	0	0	0.11836354488435	0	0.0809238663563054	0.0740714727711935	0.00225167013599215	0.133902525285553	0.000443584477134292	0	0.307782180114963	0	0.00484621139392837	0.0122628989685004	0.51	0.0109491929777255	1.08205062256415
TCGA-WK-A8XZ	0.026253004803669	0	0.00272617477551698	0.059768656723844	0	0.228028818536531	0	0.00833746007138059	0.0445252741516271	0	0	0.0294827429291921	0.103430698144705	0	0.101426979892432	0.217233477517182	0.00725422751496923	0	0.171532484938952	0	0	0	0.081	0.125413299085855	1.03119198442007
TCGA-WK-A8Y0	0.00609619225960918	0	0.0037243526746346	0.236155298714463	0	0.0864325665533635	0.0918762249291161	0.0541169784452475	0.0515639139306225	0	0	0.0487512390325238	0.0253423437649932	0	0.0986961981177381	0.263837524576156	0.0272944646814629	0	0.00102693587748958	0	0.00483063403388858	0.000255132408690989	0.003	0.435093887095939	0.899987198896302
TCGA-WP-A9GB	0.000716322197645465	0.00167275298580915	0	0.0154108619764917	0	0.315780788974918	0	0.0495050097604156	0.0391216142443637	0	0.0416002961821697	0.0627728065276695	0.0557235136664064	0.155355344228309	0.00723451893610683	0	0	0	0.255106170319694	0	0	0	0.212	0.0683406732362569	1.07296983556891
TCGA-X2-A95T	0.00272380455705095	0	0.00839560392915063	0.0339458204835164	0	0.268874777587568	0	0.0291366689236313	0.12489109825746	0	0.0155035983612226	0.0113248597563091	0.0208674125651534	0.173441539670952	0.141705359290254	0.104813963384673	0.00373705368166571	0	0.0606384395513925	0	0	0	0.00700000000000001	0.296393228632287	0.969884403751593
TCGA-X6-A7W8	0.0129409165152246	0.00387899417967385	0.00505167751138778	0.0354538495458662	0	0.0740768501467374	0	0	0.0480794098835881	0	0.01760978555911	0	0.00477527924213235	0.123068721444868	0.03267819049556	0.555743355959184	0	0	0.0322252906011502	0.0446286950556925	0	0.00978898385982428	0.125	0.0985669403747957	1.07827847992613
TCGA-X6-A7WA	0	0	0	0.0449080397870246	0	0.15350461987125	0.00350150494252178	0	0.0735479611082104	0	0	0.035681701428545	0.170045887151936	0.0539286141749212	0.0415090258486989	0.253820024244076	0.0859112247732325	0.00243954811894681	0.081201848550637	0	0	0	0.039	0.16982731515809	1.01277033476274
TCGA-X6-A7WB	0.00813229204633726	0	0	0.0295160986266681	0	0.212289632301784	0	0.020332813711561	0.0332728861781526	0	0	0.093569270788586	0.0131806041924969	0.122938008087562	0.0505670227862932	0.304134287806165	0	0.0334358430473931	0	0.078631240427	0	0	0.319	0.0399524840825524	1.08305733365883
TCGA-X6-A7WC	0	0	0.00436989210152784	0.178855994914103	0	0	0.214987656318387	0.0200139397886706	0.0289841899364445	0	0	0.0955921755486389	0	0.126630631938471	0.0594299404659151	0.216245080654738	0.00589259471396258	0	0	0.0488975764120336	0	0.000100327207107583	0.003	0.451518307673746	0.891605739319334
TCGA-X6-A7WD	0	0.0118939985963673	0.00276467921882602	0	0	0.207544790532272	0	0.0101145240059018	0.0157927120299459	0	0.0549832320993589	0	0	0.319708083904904	0	0.212427780930454	0.0195152684953449	0	0.102343508869925	0.0429114213167006	0	0	0.003	0.415515489074909	0.912184375793868
TCGA-X6-A8C2	0	0.00425762978927735	0.00101105678397792	0.0300135537198788	0	0.0226677977836706	0.0580862633819857	0.00350101708973503	0.0300410058692125	0	0.001936285493982	0	0	0.497973228221484	0.0147984672034594	0.289933294205895	0	0	0.045780400457441	0	0	0	0	0.756699853128937	0.669729846639191
TCGA-X6-A8C3	0.00759066100615382	0	0.00314089984890034	0.0832050620484305	0	0.0720123848630668	0.0155014815452664	0.0275792681420307	0.0520551681952345	0	0	0.00561418702173097	0.0892524002837213	0	0.08156392371097	0.494242923170469	0.0227578581320882	0	0.0450837277034711	0	0	0.000400054328466526	0.00700000000000001	0.287022163005697	0.972613162937545
TCGA-X6-A8C4	0	0.0178311596347364	0.00842780020437869	0.0846296521506871	0	0.139066446878797	0	0.0194983990951447	0.0447477911418197	0	0	0.0547700008586249	0.138413051074889	0	0.0324627449723634	0.425853803209696	0.00293692216395187	0	0	0.0313622286149122	0	0	0.147	0.0901220722880644	1.05728289429503
TCGA-X6-A8C5	0.0127333161202445	0	0.0199847778541946	0.195720862363268	0	0.138961344330308	0	0.00743578939438576	0.100347178614479	0	0	0.0367593948252262	0.0594014958621847	0	0.0618175457398633	0.271183533848527	0.000124800434163248	0	0.0955299606131558	0	0	0	0.076	0.13228466053291	1.03414584884313
TCGA-X6-A8C6	0	0	0.00623619674809399	0.0769197375862394	0	0.0937681111663083	0.00382890297957111	0.000835188960491351	0.0292613981140782	0	0.0173980336583295	0.00956365590297812	0.0739081543742778	0	0.0776545927963929	0.512725619399945	0	0	0.0979004083132938	0	0	0	0.01	0.276279858979494	0.977733083054238
TCGA-X6-A8C7	0	0.0110365173109221	0.00553385403040486	0.0234834076302696	0	0.0903773940505169	0	0.00244488735138825	0.0532246936800839	0	0	0.0476582243510969	0.00277723950095493	0.346779594805191	0	0.097630198669063	0	0	0.319053988620109	0	0	0	0.219	0.0649130460058994	1.0905583756493
TCGA-X9-A971	0	0.0220478512163991	0.00657199846017257	0.0339418300150496	0.00284441127511816	0.126043628984739	0.0238743776064347	0	0.0491089198922983	0	0.12078260737438	0	0.0139553380782031	0.379782865798397	0	0.106957350024373	0	0	0.113495668021322	0	0	0.00059315325311405	0.004	0.372955354197066	0.934144429000343
TCGA-X9-A973	0.00481006705704836	0	0	0.0319071800718314	0	0.234415830931873	0	0.00858281812769962	0.0841269977658514	0	0.0977442848297532	0	0.157355394896125	0.0542819837162015	0.0277413140154173	0.291856031191578	0	0	0	0.000950119300659553	0.00117352832061678	0.00505444977534518	0.013	0.252819525349487	0.984989503208916
TCGA-Z4-A8JB	0.0931863104642496	0	0.0204282750565992	0.0626870911935988	0	0.210593831751535	0	0.0229273982297601	0.0593801669767815	0	0.00553047207191387	0.0357654185444704	0.0334874860277508	0.0664856726519606	0.097734695701799	0.129396896525607	0.0295045198614931	0	0.132891764942481	0	0	0	0.043	0.16544379991595	1.01372482251383
TCGA-Z4-A9VC	0.0528386485726206	0	0.0945395820687603	0	0	0.136162500146866	0	0	0.0392046611190036	0	0.0176911823933657	0.0272859918472131	0.00908356828500392	0	0.0079557811586753	0.468562883149611	0	0	0.146675201258881	0	0	0	0.022	0.211915206350855	1.00038877394495
TCGA-Z4-AAPF	0	0.000919318508873789	0.00388200718968225	0.0653877555389919	0	0.133639340435489	0	0.0310776678263861	0.0290151708659707	0	0	0.0296136382784775	0	0.328652619677935	0.0833264476958956	0.207926968565915	0	0	0	0.0865590654163831	0	0	0.002	0.515760639420176	0.856049048327061
TCGA-Z4-AAPG	0	0.0168745149919069	0	0.00661245288289262	0	0.108860311273227	0.11714285258816	0	0	0	0.0533996227441245	0	0.0426085056256492	0.089864773036505	0	0.538018088813205	0	0.00782535763444582	0.0187935204098845	0	0	0	0.018	0.222313659673083	1.00928010692356
